

Coordinate: 0,0\Command Angles:
[0.5967679619789124, 0.3141592741012573, 0.9372320771217346, 0.7900519967079163, 0.3941960334777832, 0.7504000067710876]
Sensor Angles:
[0.5967679619789124, 0.3141592741012573, 0.9372320771217346, 0.7900519967079163, 0.3941960334777832, 0.7504000067710876]

Coordinate: 0,460\Command Angles:
[0.808459997177124, 0.3141592741012573, 0.46782803535461426, 1.1551439762115479, 0.37578803300857544, 0.7504000067710876]
Sensor Angles:
[0.808459997177124, 0.3141592741012573, 0.46782803535461426, 1.1551439762115479, 0.37578803300857544, 0.7504000067710876]

Coordinate: 640,0\Command Angles:
[0.7317599654197693, -0.06753796339035034, 1.2225561141967773, 1.0155500173568726, 0.3389720320701599, 0.7504000067710876]
Sensor Angles:
[0.7317599654197693, -0.06753796339035034, 1.2225561141967773, 1.0155500173568726, 0.3389720320701599, 0.7504000067710876]

Coordinate: 640,460\Command Angles:
[0.6750019788742065, -0.35899797081947327, 0.39879804849624634, 1.4910900592803955, 0.8605320453643799, 0.7619999647140503]
Sensor Angles:
[0.6750019788742065, -0.35899797081947327, 0.39879804849624634, 1.4910900592803955, 0.8605320453643799, 0.7619999647140503]
